- XVIII *-

1111111111111111111111111111111111111 [11 1111
11111111 11111111111111 11111, 11111 moles repa
111111111111111111 1111 1111 1111111111 fie-
1111111111111111111111111111111111111111
11111 [1111111111. P01⁴10 0111111111 11111111111
1111111111,1111111111 spes 11111111111111
11111 111111 11111 1111111111 [1111111 epa
11111 1111111111· 1111111 111111, 1111111111 5¹17 ⁴
11e1i11111111 11111111111111 1111111111111 111111
111111116111111111 1111111111. Te1111101⁴11111
1111111111 spes 11111 111 1111111 11111111- ’ἰ

,11111111 111111, 11 (11111111111111111111111111- 1,

1111111111111, 11111111 variis 1111111111 1111111111
1111111 11111111111111111111 1111111111. 1111111
11111 11111111 11 directio 11111111 capimur, tf
1111111 111111111111111111111,11111111111111111 ’
1³0¹ 11 11111 11111111 11111, 11111111 bona ’
111111111111111111111111 11111111111111111111111 11111) -,
111 111111 11111 11111111 1111111111 1111111111 j
1111111111,11111111111111111111111111 ’
1111111 111111111111111111111111111 ipsos reges ’ζ

1111111 111 11111111111111, 11111110111111111. ,,
1111111111111111,11111111’111 1111111111
111111. Ahab, maxime 111111011111111111111
1111111111, ’11111111 11111111 111111 1111111111 di< ⁴
gnai‘us 111. Ε111111111111ςε1111111111 11111111,
1111111111111111111,1111111111111 1111111111 Α .
111, 111 1111111111 111111 11111111111111181111 ,
111111111111 11111.11111111111111111111111 1
11 11111111111111, 0111111110111111311 solium
mgis 10111111111111111111111111111111111111

 

